328765343856694
414738907297784
488927932351215
988188105526987
305217036458886
511526261443020
375271666504795
468781860599471
217390964684282
367120163529963
093971360027245
667545741603800
748365087554309
809346595860820
282042205058931
949904828724367
823347971599746
042620097935894
656942945987769
723254074763985
440622591582640
201278782800500
229226257156948
812407158403152
531278270403929
790072352259836
320370223355653
398037884177319
170947508774844
148859220341776
780983405683916
984814278272139
536955090494896
732287701869282
897374533940017
765392581390677
191041729807653
023281098626154
559828899269778
144447459491094
499979806835715
220339220481353
256417018625266
348293696917503
582822714287402
572085893876741
128254047790777
886163584797898
381872863194586
350414994031125
600118775181329
657286976462227
216027141355738
744462956027586
803903319933514
716045914455451
021072412390812
811729317998395
195414944976065
188410316299317
010628050180224
969266195065333
521640464241156
624485772581658
375285215529020
011509900942900
660594282224302
069212309289465
404209677938093
093948815349897
052197353429789
170347638870640
279109040721935
870378194026265
095279454255656
715268717436831
841689967619885
839827398979335
065236099771534
486566747161400
783267513437575
318265660710658
623871793316348
042001279022679
361797374471875
971218622019320
609190331041097
355345567006928
286524557543403
681009504877875
078323195173837
893225491805518
895413708004472
212218958821886
895777670000241
681457528914432
687264756433001
001574449225943
492342564442108
509176305242100